V1,V2,V3,V4,V5,V6,V7,V8,V9,V10,V11,V12,V13,V14,V15,V16,V17,V18,V19,V20,V21,V22,V23,V24,V25,V26,V27,V28,V29,V30,V31,V32,V33,V34,V35,V36,V37,V38,V39,V40,V41,V42,V43,V44,V45,V46,V47,V48,V49,V50,V51,V52,V53,V54,V55,V56
24892.70369288284,44194.98415217823,881.7027193931589,-92901.37664260528,-49290.72880627655,-2763.5812535427126,67368.071557356845,8822.767898530543,40046.48554114589,-32914.87850648561,71620.90590327636,-17990.793018286415,-33258.37900962721,4978.928669070354,-55762.29080138674,2308.567822179661,12202.400950938014,29340.16860752927,-20293.041894181915,9020.874550422086,-21367.97132096615,-7628.051166344769,151.59062989981166,-45793.25281850243,18322.383564162246,53521.765656933254,-33374.40983423872,27735.334929601264,63953.17126141058,22266.117251022853,-15906.236744997497,-39115.34748047908,40248.21909618438,53537.69898496998,28576.671909825356,-11343.6405642565,-81621.6172445698,-66941.4480406348,5886.316772517663,-30783.465566410316,-37925.79335411514,10116.405467386223,-17911.26473622617,4582.364078321158,27913.4927044951,-22045.587259005166,20861.814801096487,32946.360663002866,42839.29265134163,17883.22163106111,46831.03888951301,19175.267130260687,22448.617019032496,48734.08458176345,-55610.76622652374,34750.32912559397
44194.98415217823,78465.08484662775,1565.2295663255072,-164939.04731784327,-87511.84243263546,-4906.392967427657,119606.95003471902,15664.189897098597,71099.43369468783,-58438.169555873625,127157.70996516912,-31941.097466389117,-59047.9458368916,8840.021841983465,-99001.49313915268,4099.340008696164,21664.22191738141,52091.334544716614,-36028.69592986131,16016.044327939973,-37936.574188672486,-13543.149545992424,269.24886863564814,-81302.26294103415,32530.132437872315,95023.6852096733,-59253.643405791554,49241.86471415312,113544.07723800674,39531.80767119061,-28240.462578918763,-69446.58938681937,71457.37553146313,95051.99162880395,50735.40899841356,-20139.277886912372,-144912.584532851,-118849.28502789974,10450.708356464207,-54653.90649975855,-67333.95980264095,17960.997249369928,-31800.042947718943,8135.6367253529315,49558.60213848656,-39140.30899741691,37038.764100522414,58493.91737455702,76057.639956932,31750.045165096133,83144.13624926946,34044.128309822285,39855.69485252255,86523.70315080945,-98732.54240230114,61696.435402585645
881.7027193931589,1565.2295663255072,31.519020366523584,-3290.9527974026428,-1746.1188736659383,-97.96959792839158,2385.9910941453077,312.4575387932351,1418.5100848809373,-1165.5820626115672,2536.376576767062,-637.5372319940502,-1177.7320618243941,176.0500232792866,-1975.4403548553505,80.93877549814738,432.339791120088,1038.9350433422617,-718.8601343880906,319.1477009702154,-757.6747618545185,-270.1346819627538,5.358919162133792,-1622.3130309278195,648.8997412540514,1895.8626754041336,-1182.300003198891,982.5725411252612,2265.1029571290455,788.7158130371178,-563.2482528020373,-1385.1958308602375,1425.982745424075,1896.5135368711542,1012.6420290385082,-402.3781003086298,-2891.661853373109,-2371.1891747116356,208.64433887034912,-1090.1818461404473,-1343.7603521339865,358.22091704612114,-634.4505895847344,162.10985929973447,988.3747530848187,-780.9296386912669,738.5566251950188,1166.866951971676,1517.7782081724176,633.6474748011681,1659.7572371387298,679.3727587592736,795.2281118205113,1726.093781046355,-1969.8898202577548,1231.1804686355233
-92901.37664260528,-164939.04731784327,-3290.9527974026428,346715.93484184565,183956.74684450796,10313.737459686787,-251422.73141474553,-32927.24966518911,-149456.6225140054,122840.56192718416,-267294.18075365137,67143.47687134099,124122.81182191322,-18581.553466726757,208109.72278641906,-8614.793205834007,-45540.37292930105,-109499.46525791031,75735.27725218292,-33666.702712689206,79747.50611165276,28468.475044884894,-566.1407332529467,170904.43869390548,-68380.58217802671,-199747.35013872272,124555.77860309006,-103510.72904625164,-238677.9001538228,-83098.71862017266,59363.20089634703,145981.0339626218,-150209.46901708707,-199807.07760822805,-106651.08483929912,42335.734385900825,304618.70400861563,249830.63312021666,-21968.357026731224,114885.88096989434,141542.34615825268,-37755.127477913666,66846.44147230024,-17101.340972050406,-104175.24573781842,82276.08856753261,-77857.63471546696,-122958.38203103267,-159880.0928596426,-66741.78583819195,-174777.93743187032,-71563.85862855028,-83779.98772068786,-181879.01378286962,207543.7512171379,-129691.09085295873
-49290.72880627655,-87511.84243263546,-1746.1188736659383,183956.74684450796,97602.80028376388,5472.48455295314,-133397.25326422707,-17470.112174912065,-79297.3920536824,65175.79643018803,-141818.41008362127,35624.27403255208,65855.47900253843,-9858.698379523401,110416.77132695352,-4570.7737392979425,-24162.32159026772,-58096.92482671701,40182.95197994451,-17861.44761312163,42312.284023107764,15104.598847984387,-299.9099351397969,90676.84003697413,-36280.66065918216,-105980.28803357537,66086.29228308352,-54919.68376913823,-126635.78461793234,-44090.18407748878,31496.33639087727,77453.6436342509,-79697.58754898718,-106011.88853969204,-56585.708371283654,22462.521672987627,161622.31503517376,132552.99125025122,-11655.978498164453,60955.54198829831,75098.35362503036,-20031.708709799404,35466.465291456574,-9073.490684164375,-55271.97958455389,43653.20230192138,-41308.54753564055,-65238.064532149096,-84827.68777878096,-35411.15920356617,-92732.4804263082,-37969.672108184146,-44451.29567088633,-96500.14203298291,110116.82426594125,-68810.84270610267
-2763.5812535427126,-4906.392967427657,-97.96959792839158,10313.737459686787,5472.48455295314,306.96142588350364,-7479.006412461859,-979.4248083880683,-4445.977379762095,3654.1199159185694,-7951.143676804571,1997.3681784886173,3692.084587751789,-552.5931189860339,6190.7095547996605,-256.0354762257294,-1354.7465820190025,-3257.1659394952944,2252.9404738710405,-1001.0447433569261,2372.687876874872,846.8381634354914,-16.655424542437334,5083.983727381552,-2034.0600458629851,-5942.040842628237,3705.442974751071,-3079.1812735287713,-7100.077339820582,-2472.0967271721493,1765.830837979746,4342.567849894029,-4468.707803550998,-5943.796554721567,-3172.6113096359986,1259.6900208558534,9061.894768685654,7431.8789413160775,-653.5665563282505,3417.615500540337,4210.680887788988,-1123.0570788342102,1988.4195434736944,-508.72448051699195,-3098.6974224559995,2447.4467354178855,-2315.8191997854,-3657.595428218124,-4756.082495686276,-1985.446407721916,-5199.596278297059,-2128.8629275273897,-2492.2890879784695,-5410.53396435213,6173.974553123527,-3858.1818860696067
67368.071557356845,119606.95003471902,2385.9910941453077,-251422.73141474553,-133397.25326422707,-7479.006412461859,182321.20064213386,23877.46290941506,108379.42974023793,-89079.14807495142,193830.93706973386,-48689.05027273952,-90008.90195886896,13475.006807287547,-150911.6272601721,6248.433569318162,33023.69394508997,79404.73110398595,-54919.834048790784,24414.04429740647,-57828.23001874836,-20644.208745575084,410.4718373565476,-123932.02459845881,49586.766829216256,144848.02293889615,-90322.3195493624,75061.21552086672,173079.19351791905,60259.60613156257,-43047.88364701349,-105859.67378144921,108924.9670896077,144891.18632703167,77338.00030572125,-30699.17677065317,-220895.46115000063,-181166.25329975056,15930.286471070332,-83310.65529245742,-102639.75243579251,27378.550704883495,-48474.05843964309,12401.493307655357,75543.86122411182,-59662.938503656,56459.52297820797,89164.2652883179,115937.48861896999,48397.899032798836,126739.89124949349,51894.72972527444,60753.49975671622,131891.02829502788,-150501.58841160726,94045.9636230675
8822.767898530543,15664.189897098597,312.4575387932351,-32927.24966518911,-17470.112174912065,-979.4248083880683,23877.46290941506,3127.1299894669937,14193.717479252482,-11666.148994694859,25384.838609708262,-6376.481870288351,-11787.932036607797,1764.7916048363754,-19763.920365016842,818.3956186165115,4324.88907355015,10399.169054014677,-7192.499254403508,3197.4795063484175,-7573.277620486367,-2703.6421605023806,53.79250059249811,-16230.552281595023,6494.086118179451,18969.780314572432,-11828.851339610776,9830.25353983676,22667.028001433344,7891.787692184524,-5637.707729060235,-13863.750528251014,14265.07076959234,18975.411501143535,10128.423976120559,-4020.3740059002184,-28929.14602571356,-23726.150740351368,2086.2864258837244,-10910.649484637228,-13441.997148461367,3585.6123291682275,-6348.335308896533,1624.1275122818824,9893.550463105303,-7813.679609566732,7394.22259646795,11677.299043010627,15183.558450557308,6338.332925513004,16598.161766941575,6796.295866311925,7956.478673306429,17272.886136182507,-19710.16158621644,12316.539436226582
40046.48554114589,71099.43369468783,1418.5100848809373,-149456.6225140054,-79297.3920536824,-4445.977379762095,108379.42974023793,14193.717479252482,64425.4900010534,-52952.36983850137,115221.20816895227,-28943.026458025353,-53504.92189508384,8009.906085585653,-89708.55103526084,3713.845762876157,19630.776272295043,47201.36630799189,-32646.77015428537,14512.28538312299,-34376.2124387076,-12271.789558982096,243.8943995627616,-73670.72642707008,29476.44506156424,86104.04171657917,-53691.750101356534,44619.73475764024,102885.76161292575,35821.034129322834,-25589.430597037834,-62927.49199416137,64750.14697004616,86129.74358077452,45973.273083290165,-18249.368762427363,-131310.30820610985,-107693.16280038697,9469.771890574342,-49523.44727974203,-61013.798893316685,16274.914604077581,-28815.04155152497,7371.889628511105,44906.26653506273,-35466.25008820407,33561.65410795039,53003.01410142313,68918.49040450204,28769.924818717853,75340.37074532763,30848.580255368255,36114.5819305115,78401.79114409139,-89464.80208098218,55905.289269713925
-32914.87850648561,-58438.169555873625,-1165.5820626115672,122840.56192718416,65175.79643018803,3654.1199159185694,-89079.14807495142,-11666.148994694859,-52952.36983850137,43522.90731144972,-94702.87140705748,23788.443519852113,43976.928464775505,-6583.887938874686,73732.66601093597,-3053.5028954945483,-16134.669748057835,-38795.9170311745,26832.885467741406,-11928.17968452271,28253.509356426526,10086.512661123514,-200.4506078350525,60550.92723820687,-24227.348125331562,-70770.31047566711,44130.08296929085,-36673.516557768075,-84563.80303512263,-29441.97667345051,21032.592742632518,51721.63146455509,-53218.91827452921,-70791.3324810031,-37785.683017127616,14998.791585225286,107925.6324119406,88514.78374661742,-7783.290350097042,40704.516535532166,50147.78247612495,-13376.774073659866,23683.49114697036,-6059.240284195528,-36909.63875756943,29150.29437828128,-27585.30118327798,-43564.28708839739,-56644.86902319516,-23646.190158567297,-61922.39822685874,-25354.784038858186,-29683.09938944177,-64439.97440373972,73532.51826747098,-45949.29852782023
71620.90590327636,127157.70996516912,2536.376576767062,-267294.18075365137,-141818.41008362127,-7951.143676804571,193830.93706973386,25384.838609708262,115221.20816895227,-94702.87140705748,206067.55473391843,-51762.43232014471,-95691.14251413586,14325.907004131166,-160438.11505844796,6643.624568699885,35108.29128227455,84417.6055784626,-58386.7829338328,25955.29466812221,-61478.27890664398,-21947.510143063315,436.2689275210915,-131755.3716949138,52717.161607115784,153991.9960477775,-96024.23647416275,79799.51914898676,184005.57913462436,64063.783665342045,-45765.5455285511,-112542.76978327113,115801.09837563142,154037.7747028867,82219.76010327134,-32636.75777056438,-234839.84619352338,-192602.93506787586,16935.882959710812,-88570.2064006477,-109118.88709341848,29106.994977945265,-51534.02966414889,13184.538592583558,80313.01700490648,-63429.287240166435,60023.940286106066,94793.146769512,123256.08652428298,51452.95743377825,134740.00639375756,55170.59440240737,64588.71118425134,140217.28728338872,-160002.41574181203,99982.81411512166
-17990.793018286415,-31941.097466389117,-637.5372319940502,67143.47687134099,35624.27403255208,1997.3681784886173,-48689.05027273952,-6376.481870288351,-28943.026458025353,23788.443519852113,-51762.43232014471,13002.893645433975,24036.74922679276,-3598.1642467497427,40301.694666611416,-1667.6392365844645,-8819.21099987348,-21204.858698178326,14666.55568179597,-6519.429986535501,15444.12786974888,5513.015388429978,-109.62857744127962,33096.701101999104,-13242.158826541348,-38682.11040266726,24120.94701253747,-20045.489055924212,-46221.001057906324,-16092.491919612943,11495.846060912194,28269.6972636598,-29089.07229765319,-38693.74708698019,-20653.85047577687,8198.974328262064,58991.33325335299,48380.971373155575,-4254.389470394731,22248.057455768754,27410.68165749468,-7311.379732174705,12945.154975341859,-3311.6010659690123,-20173.77174110758,15933.20986003631,-15077.20818589508,-23811.395734926045,-30961.85448153581,-12925.040836766566,-33847.35969758433,-13858.824324020121,-16224.467514597201,-35221.66934580039,40191.94772843511,-25115.540257556117
-33258.37900962721,-59047.9458368916,-1177.7320618243941,124122.81182191322,65855.47900253843,3692.084587751789,-90008.90195886896,-11787.932036607797,-53504.92189508384,43976.928464775505,-95691.14251413586,24036.74922679276,44436.11349297673,-6652.630436908606,74502.1974496669,-3085.295650541028,-16303.104656909112,-39200.93911546146,27112.87381450169,-12053.320264767379,28548.034229525274,10191.72021144788,-202.82087713219644,61182.84992192236,-24480.19337149997,-71508.72616242393,44590.22165576185,-37056.29292858924,-85446.10212476857,-29748.935293501225,21252.098091071097,52261.11257547848,-53773.80957471834,-71530.03717471185,-38180.17342859728,15155.105921983277,109051.58469190632,89438.38045340078,-7864.358941115555,41128.97876111281,50671.067893067775,-13516.388589751416,23930.84061863241,-6122.483726408182,-37294.99432068194,29454.528049809676,-27873.401220058928,-44018.90333324768,-57236.00251507377,-23893.029443070427,-62568.41180250482,-25619.395710011133,-29992.811815289053,-65112.14503019224,74299.78361628922,-46428.46028395731
4978.928669070354,8840.021841983465,176.0500232792866,-18581.553466726757,-9858.698379523401,-552.5931189860339,13475.006807287547,1764.7916048363754,8009.906085585653,-6583.887938874686,14325.907004131166,-3598.1642467497427,-6652.630436908606,996.2785062089675,-11153.097264972517,462.71026699780515,2440.5014502249464,5868.859250807227,-4058.8776052170924,1804.8377278847959,-4272.966606015203,-1525.8354337990907,30.43099152398861,-9159.13141710257,3664.936541608214,10705.112030613727,-6675.210181350832,5547.356232859276,12791.84993038376,4453.535831902451,-3181.7135679764474,-7824.047198166077,8049.808028874986,10708.239064606769,5715.360995519832,-2268.185040093651,-16325.020798505298,-13389.276469807864,1177.234459105975,-6157.41346065241,-7585.281059808028,2023.5898608171449,-3582.5469240936463,916.6948550880106,5583.63001272956,-4409.479071372897,4173.170396418613,6590.011330252573,8568.17068115751,3576.6699944155093,9365.811715691332,3835.1973866379094,4489.978175805386,9747.694518771346,-11122.9081677651,6950.305061603563
-55762.29080138674,-99001.49313915268,-1975.4403548553505,208109.72278641906,110416.77132695352,6190.7095547996605,-150911.6272601721,-19763.920365016842,-89708.55103526084,73732.66601093597,-160438.11505844796,40301.694666611416,74502.1974496669,-11153.097264972517,124914.02083010178,-5170.577224467191,-27334.781215000647,-65724.83060781145,45458.70183489553,-20207.47800188239,47867.322939859994,17087.657509131626,-339.733642493565,102582.26290230146,-41044.11184767105,-119894.64689459457,74762.42596784583,-62130.41273991653,-143261.9056667124,-49878.52718938034,35631.580782947516,87622.32754701239,-90160.67782587504,-119930.51498217245,-64015.42019245782,25411.502756465645,182841.93500810085,149956.18706200097,-13186.180192825457,68958.09778887001,84958.29111349858,-22661.755838493773,40123.27471843214,-10264.690241156002,-62529.049512059115,49384.680567021336,-46732.36756629465,-73803.40332328173,-95965.14704004483,-40060.56055311074,-104907.57915858214,-42954.91697844642,-50287.402917091,-109169.49532582384,124574.30262758737,-77844.83390240087
2308.567822179661,4099.340008696164,80.93877549814738,-8614.793205834007,-4570.7737392979425,-256.0354762257294,6248.433569318162,818.3956186165115,3713.845762876157,-3053.5028954945483,6643.624568699885,-1667.6392365844645,-3085.295650541028,462.71026699780515,-5170.577224467191,216.6118822840532,1131.2346690595132,2721.9002341383007,-1881.8129687191035,837.5948241181547,-1979.3250484345092,-707.6554885615524,14.099564990495754,-4246.1027339384345,1699.5531291843713,4963.415376905156,-3094.7915469987456,2571.708192300885,5931.59522426001,2064.949102622361,-1475.6601630355588,-3628.5580610865504,3731.6493961993724,4964.660297520917,2648.93093293585,-1050.2929774819002,-7568.07395228875,-6207.982158166163,545.5481029292858,-2855.551860427108,-3516.0455915782745,938.5420209725935,-1661.0047867358326,425.4895040696793,2589.759652221585,-2044.4044002357484,1935.8307747996193,3055.883676934949,3971.8531340531517,1657.8265040619317,4340.264477884892,1777.8405065642555,2081.653835214699,4519.9984741574535,-5157.050450308296,3222.0006823583744
12202.400950938014,21664.22191738141,432.339791120088,-45540.37292930105,-24162.32159026772,-1354.7465820190025,33023.69394508997,4324.88907355015,19630.776272295043,-16134.669748057835,35108.29128227455,-8819.21099987348,-16303.104656909112,2440.5014502249464,-27334.781215000647,1131.2346690595132,5981.697192295813,14382.412573946394,-9947.662779953831,4421.920392493788,-10474.933612809871,-3739.213798739563,74.31015896880268,-22447.94799054881,8981.559401769844,26236.37032207136,-16360.145102217875,13595.924582347827,31349.704995026335,10914.816224162974,-7797.140073750182,-19174.132325062066,19729.782689158154,26244.213963853683,14008.48388604034,-5560.922862971977,-40011.09317920834,-32814.69210251703,2885.5037499631226,-15089.892026135201,-18591.4071112781,4958.998109500186,-8780.123534053348,2246.205349740661,13683.008062510382,-10806.742467369413,10226.292586321999,16150.204536564965,20999.97002845365,8766.470077148122,22957.014972054218,9399.780599209445,11004.339378952622,23889.337513199698,-27260.41338796589,17034.67909939068
29340.16860752927,52091.334544716614,1038.9350433422617,-109499.46525791031,-58096.92482671701,-3257.1659394952944,79404.73110398595,10399.169054014677,47201.36630799189,-38795.9170311745,84417.6055784626,-21204.858698178326,-39200.93911546146,5868.859250807227,-65724.83060781145,2721.9002341383007,14382.412573946394,34582.61740831759,-23918.635192157784,10633.221023650427,-25184.713905424713,-8990.989259549815,178.8189241986487,-53974.67153016093,21596.094394765336,63084.12938522147,-39336.97695150562,32690.543903088863,75379.52120424627,26244.180155213224,-18748.326620231488,-46104.15703512533,47438.63287584235,63102.86518897319,33681.959459435435,-13369.64910924772,-96203.9063896021,-78901.45370357488,6937.818153671877,-36283.52709396585,-44701.36989042518,11923.990561065597,-21111.43980912497,5401.250114261647,32901.13275549287,-25984.358042616703,24589.58441258699,38832.89910192153,50492.819877698916,21078.121322571616,55197.02269297924,22601.066641594647,26459.29997969619,57441.19262824682,-65546.33984855835,40958.60694552358
-20293.041894181915,-36028.69592986131,-718.8601343880906,75735.27725218292,40182.95197994451,2252.9404738710405,-54919.834048790784,-7192.499254403508,-32646.77015428537,26832.885467741406,-58386.7829338328,14666.55568179597,27112.87381450169,-4058.8776052170924,45458.70183489553,-1881.8129687191035,-9947.662779953831,-23918.635192157784,16543.344492650718,-7353.876861906475,17419.824461138654,6218.559203481176,-123.58992315115194,37331.72692361299,-14936.79813722375,-43632.114855853484,27207.60278964814,-22610.4864154392,-52135.97842080734,-18151.850481700036,12967.077682656993,31887.633457620283,-32811.32438893066,-43645.1381527392,-23296.42257024306,9247.710414497215,66539.8682149032,54572.12433434912,-4798.718119004844,25095.331480831457,30918.00305992948,-8247.088731019894,14601.644245930001,-3735.5632541687655,-22755.61634919908,17972.07447164379,-17006.890197489993,-26858.57910014822,-34923.61500412219,-14578.81537996344,-38177.89213646744,-15632.13938978702,-18300.60928116443,-39729.0671437965,45335.12459403692,-28329.32648207689
9020.874550422086,16016.044327939973,319.1477009702154,-33666.702712689206,-17861.44761312163,-1001.0447433569261,24414.04429740647,3197.4795063484175,14512.28538312299,-11928.17968452271,25955.29466812221,-6519.429986535501,-12053.320264767379,1804.8377278847959,-20207.47800188239,837.5948241181547,4421.920392493788,10633.221023650427,-7353.876861906475,3270.6708455827793,-7741.94200203904,-2764.3508449287965,55.451332037227374,-16594.718412077502,6640.04564196285,19395.414658491216,-12093.684531835279,10050.873964187622,23175.854777049983,8068.523307507508,-5764.494190027748,-14174.96412401614,14584.213977336754,19401.187710416507,10355.611221231455,-4109.66681352775,-29577.573822975788,-24258.59162577075,2132.7706666936106,-11155.379086529721,-13743.270386622798,3666.275575032379,-6491.128901899683,1660.7843993483525,10116.350302359888,-7989.123776082235,7561.005411835198,11939.633126370214,15524.069478762372,6480.499256060081,16969.450224670938,6948.731013572996,8134.94616718012,17660.360038337716,-20152.408267418166,12592.25080977874
-21367.97132096615,-37936.574188672486,-757.6747618545185,79747.50611165276,42312.284023107764,2372.687876874872,-57828.23001874836,-7573.277620486367,-34376.2124387076,28253.509356426526,-61478.27890664398,15444.12786974888,28548.034229525274,-4272.966606015203,47867.322939859994,-1979.3250484345092,-10474.933612809871,-25184.713905424713,17419.824461138654,-7741.94200203904,18344.934259248825,6547.793558250554,-129.83142885235384,39309.86504250112,-15727.681593968633,-45943.641001628734,28649.479397970474,-23808.55131523147,-54897.33896965864,-19113.623427311624,13653.490042633486,33576.1013024484,-34550.68654909772,-45957.50107191292,-24531.431966412372,9739.296223867925,70066.17771844205,57463.12151073621,-5053.320361608932,26424.313318452383,32556.87990508237,-8683.61684345083,15375.019097221097,-3933.0128748201732,-23959.883409832903,18924.113221332696,-17906.57252489435,-28280.89618780386,-36774.47290207343,-15351.612607089173,-40202.92731126101,-16460.591870206754,-19270.268419453365,-41833.476406190806,47736.94175510421,-29830.905900195477
-7628.051166344769,-13543.149545992424,-270.1346819627538,28468.475044884894,15104.598847984387,846.8381634354914,-20644.208745575084,-2703.6421605023806,-12271.789558982096,10086.512661123514,-21947.510143063315,5513.015388429978,10191.72021144788,-1525.8354337990907,17087.657509131626,-707.6554885615524,-3739.213798739563,-8990.989259549815,6218.559203481176,-2764.3508449287965,6547.793558250554,2337.5799528481557,-46.47127668887586,14032.779298840629,-5614.733622446982,-16401.115880507772,10227.220873768798,-8499.149279322495,-19597.785113825692,-6823.226024806816,4874.342330327378,11986.572843801974,-12333.569074607936,-16406.006104582975,-8756.900571284928,3475.986297768505,25011.938525408885,20513.415838458088,-1803.8029372367732,9433.34438623826,11621.813290428428,-3100.089155881792,5488.681252349823,-1404.2160051430906,-8553.871967451763,6755.638848274478,-6392.915806542538,-10096.099804452711,-13127.536858430276,-5480.028030191306,-14350.602582338397,-5876.016537495394,-6879.095313376526,-14934.055544343204,17041.268870984517,-10648.834299854572
151.59062989981166,269.24886863564814,5.358919162133792,-566.1407332529467,-299.9099351397969,-16.655424542437334,410.4718373565476,53.79250059249811,243.8943995627616,-200.4506078350525,436.2689275210915,-109.62857744127962,-202.82087713219644,30.43099152398861,-339.733642493565,14.099564990495754,74.31015896880268,178.8189241986487,-123.58992315115194,55.451332037227374,-129.83142885235384,-46.47127668887586,1.188659183752888,-278.97416866658165,111.67058579476632,325.89994789265467,-203.00185632019313,168.98819575728362,389.4326905758262,135.4330369020139,-96.93171615096418,-238.11637669980394,244.75900332823127,326.07416740019545,174.1807035390759,-68.8545732325253,-496.9232230555563,-407.6414640712218,35.785054859979155,-187.32637984398548,-230.90966156758253,61.655497070549416,-109.24100889766667,27.86048747854876,170.24183919859948,-134.3584474811154,127.26170886734783,200.7442924361396,260.94562754856094,108.92830578815055,284.9971602736802,116.81827629262315,136.67692109251232,296.6307830943814,-338.6420802051978,211.43769195624873
-45793.25281850243,-81302.26294103415,-1622.3130309278195,170904.43869390548,90676.84003697413,5083.983727381552,-123932.02459845881,-16230.552281595023,-73670.72642707008,60550.92723820687,-131755.3716949138,33096.701101999104,61182.84992192236,-9159.13141710257,102582.26290230146,-4246.1027339384345,-22447.94799054881,-53974.67153016093,37331.72692361299,-16594.718412077502,39309.86504250112,14032.779298840629,-278.97416866658165,84242.93247538374,-33706.34540824958,-98460.24045269929,61396.67447539804,-51022.93840791911,-117649.9525789759,-40961.410063365656,29261.456412452935,71957.44879263369,-74042.11051818187,-98489.7177294655,-52570.97260823494,20868.598597168933,150154.0753397623,123147.45271038546,-10828.813776960455,56629.97382287139,69769.7457291465,-18610.335511270598,32950.13777139543,-8429.579744492692,-51350.22329408368,40555.83066907291,-38377.60220791935,-60609.02170750578,-78808.80805344075,-32898.66736380172,-86152.6392304605,-35275.58279389923,-41297.17560688214,-89652.49546022256,102303.2973471707,-63928.02065821307
18322.383564162246,32530.132437872315,648.8997412540514,-68380.58217802671,-36280.66065918216,-2034.0600458629851,49586.766829216256,6494.086118179451,29476.44506156424,-24227.348125331562,52717.161607115784,-13242.158826541348,-24480.19337149997,3664.936541608214,-41044.11184767105,1699.5531291843713,8981.559401769844,21596.094394765336,-14936.79813722375,6640.04564196285,-15727.681593968633,-5614.733622446982,111.67058579476632,-33706.34540824958,13486.383150889733,39394.965864317965,-24565.362212645246,20414.726787223834,47073.17181697961,16389.093194866033,-11707.965605591051,-28791.207851048897,29624.76440261407,39406.70855879809,21033.921245455003,-8349.287597337436,-60077.89684579106,-49272.60091449109,4332.647043777445,-22658.436635502807,-27915.324074095264,7446.295078425856,-13183.7055125591,3372.875197940949,20546.093905645695,-16226.829124499642,15355.608460373245,24250.469078456896,31532.016001014348,13162.945261497192,34469.86610289867,14114.034330584818,16523.38889597515,35871.028301318,-40932.585546387105,25578.102597330126
53521.765656933254,95023.6852096733,1895.8626754041336,-199747.35013872272,-105980.28803357537,-5942.040842628237,144848.02293889615,18969.780314572432,86104.04171657917,-70770.31047566711,153991.9960477775,-38682.11040266726,-71508.72616242393,10705.112030613727,-119894.64689459457,4963.415376905156,26236.37032207136,63084.12938522147,-43632.114855853484,19395.414658491216,-45943.641001628734,-16401.115880507772,325.89994789265467,-98460.24045269929,39394.965864317965,115077.25850170375,-71758.56178189079,59633.84317516674,137505.81575627113,47874.51121598607,-34199.990028097855,-84101.97106843983,86538.04106893482,115111.5821262923,61442.85888290271,-24390.212893659136,-175495.06367816284,-143930.914498031,12656.296017139877,-66187.62418138765,-81544.41835391834,21751.25344647613,-38510.99070450536,9852.438805034843,60016.70673747869,-47400.2924046744,44854.76984003905,70837.99912399112,92108.9473144861,38450.7548668134,100691.83536526831,41228.83988343643,48266.81943131397,104783.26874311044,-119568.86089288798,74716.960501
-33374.40983423872,-59253.643405791554,-1182.300003198891,124555.77860309006,66086.29228308352,3705.442974751071,-90322.3195493624,-11828.851339610776,-53691.750101356534,44130.08296929085,-96024.23647416275,24120.94701253747,44590.22165576185,-6675.210181350832,74762.42596784583,-3094.7915469987456,-16360.145102217875,-39336.97695150562,27207.60278964814,-12093.684531835279,28649.479397970474,10227.220873768798,-203.00185632019313,61396.67447539804,-24565.362212645246,-71758.56178189079,44746.681798780875,-37185.75003790078,-85744.26808687228,-29853.21628570054,21325.944712747547,52443.36857108171,-53962.84436670526,-71779.960305777,-38313.791771165335,15209.319367282173,109433.4748116149,89750.75351395033,-7892.203578657794,41272.623651319314,50848.633438201665,-13563.313710623792,24014.07306101124,-6143.610431063357,-37424.20983368277,29557.26952536518,-27969.645771629937,-44172.22098080208,-57436.261304796666,-23976.662664962252,-62788.653189511606,-25709.015311207248,-30097.684388321628,-65339.6448804659,74559.39835818486,-46591.4311253181
27735.334929601264,49241.86471415312,982.5725411252612,-103510.72904625164,-54919.68376913823,-3079.1812735287713,75061.21552086672,9830.25353983676,44619.73475764024,-36673.516557768075,79799.51914898676,-20045.489055924212,-37056.29292858924,5547.356232859276,-62130.41273991653,2571.708192300885,13595.924582347827,32690.543903088863,-22610.4864154392,10050.873964187622,-23808.55131523147,-8499.149279322495,168.98819575728362,-51022.93840791911,20414.726787223834,59633.84317516674,-37185.75003790078,30902.78374430526,71256.37228641656,24808.836794428997,-17722.626203546926,-43582.03976703166,44844.63642313746,59651.71084931358,31840.377319194915,-12639.352066485355,-90942.93976436071,-74586.00472023418,6558.604180670544,-34298.72613318721,-42257.04570406332,11271.614706306675,-19956.744136961155,5105.507068584403,31101.011879083748,-24563.218295872077,23243.954020345103,36708.71415982114,47731.67700522774,19925.55673187611,52179.567061954665,21365.164730502325,25012.21937450606,54299.29269799085,-61961.45820169427,38718.88667861013
63953.17126141058,113544.07723800674,2265.1029571290455,-238677.9001538228,-126635.78461793234,-7100.077339820582,173079.19351791905,22667.028001433344,102885.76161292575,-84563.80303512263,184005.57913462436,-46221.001057906324,-85446.10212476857,12791.84993038376,-143261.9056667124,5931.59522426001,31349.704995026335,75379.52120424627,-52135.97842080734,23175.854777049983,-54897.33896965864,-19597.785113825692,389.4326905758262,-117649.9525789759,47073.17181697961,137505.81575627113,-85744.26808687228,71256.37228641656,164305.982761136,57205.288441333825,-40865.7609664572,-100493.8329452356,103404.08712142642,137546.77416937574,73417.69894665928,-29143.342794583812,-209698.69150568344,-171983.06901901856,15122.909816062971,-79087.86498025511,-97437.08951202479,25990.689112224336,-46016.77655941286,11772.85042687621,71714.33558149872,-56638.606850694305,53597.30900117969,84644.50166601955,110060.68919071298,45944.606341930514,120315.83136229757,49264.218652911484,57673.96880447621,125205.72571279055,-142872.82137648077,89279.11875920562
22266.117251022853,39531.80767119061,788.7158130371178,-83098.71862017266,-44090.18407748878,-2472.0967271721493,60259.60613156257,7891.787692184524,35821.034129322834,-29441.97667345051,64063.783665342045,-16092.491919612943,-29748.935293501225,4453.535831902451,-49878.52718938034,2064.949102622361,10914.816224162974,26244.180155213224,-18151.850481700036,8068.523307507508,-19113.623427311624,-6823.226024806816,135.4330369020139,-40961.410063365656,16389.093194866033,47874.51121598607,-29853.21628570054,24808.836794428997,57205.288441333825,19916.918704980908,-14227.880104634898,-34988.27044399998,36001.821206130204,47888.75273879138,25561.353391265402,-10146.912961947331,-73009.63499863773,-59878.2097806718,5265.359526641704,-27535.562864383945,-33924.12063413672,9048.950043656663,-16021.237584964516,4098.807703548482,24968.072898205868,-19719.45871869417,18660.367564784192,29470.039898001305,38319.15769215513,15996.233002050098,41889.89504102965,17152.011506221625,20079.988361372983,43592.11537228974,-49743.09604016959,31083.94359057048
-15906.236744997497,-28240.462578918763,-563.2482528020373,59363.20089634703,31496.33639087727,1765.830837979746,-43047.88364701349,-5637.707729060235,-25589.430597037834,21032.592742632518,-45765.5455285511,11495.846060912194,21252.098091071097,-3181.7135679764474,35631.580782947516,-1475.6601630355588,-7797.140073750182,-18748.326620231488,12967.077682656993,-5764.494190027748,13653.490042633486,4874.342330327378,-96.93171615096418,29261.456412452935,-11707.965605591051,-34199.990028097855,21325.944712747547,-17722.626203546926,-40865.7609664572,-14227.880104634898,10164.102152958927,24994.642823219565,-25718.128659134847,-34210.16969977494,-18260.088013891866,7248.141190494726,52155.3696449237,42775.07107306387,-3761.2542085275304,19670.560102132287,24234.074228033,-6464.38746506227,11445.181957890007,-2928.173295516081,-17836.785482387266,14086.992814711748,-13330.765992867127,-21052.61113031864,-27373.81942198033,-11427.114086656487,-29924.1316316907,-12252.791480711858,-14344.452580665009,-31140.805333797565,35534.85128088711,-22205.076329627194
-39115.34748047908,-69446.58938681937,-1385.1958308602375,145981.0339626218,77453.6436342509,4342.567849894029,-105859.67378144921,-13863.750528251014,-62927.49199416137,51721.63146455509,-112542.76978327113,28269.6972636598,52261.11257547848,-7824.047198166077,87622.32754701239,-3628.5580610865504,-19174.132325062066,-46104.15703512533,31887.633457620283,-14174.96412401614,33576.1013024484,11986.572843801974,-238.11637669980394,71957.44879263369,-28791.207851048897,-84101.97106843983,52443.36857108171,-43582.03976703166,-100493.8329452356,-34988.27044399998,24994.642823219565,61464.86817958452,-63244.42846095305,-84126.94815289309,-44903.73050805433,17824.43179755128,128256.67791903723,105189.12104840156,-9249.517934982256,48372.38521459744,59594.6652884829,-15896.63427381187,28144.92324197116,-7200.684206443354,-43862.48660373186,34641.555014131714,-32781.64740498148,-51770.803396595205,-67315.59866656616,-28100.673486526775,-73587.51244769525,-30131.103903092662,-35274.79305127704,-76579.13547155168,87384.5344782041,-54605.26659438668
40248.21909618438,71457.37553146313,1425.982745424075,-150209.46901708707,-79697.58754898718,-4468.707803550998,108924.9670896077,14265.07076959234,64750.14697004616,-53218.91827452921,115801.09837563142,-29089.07229765319,-53773.80957471834,8049.808028874986,-90160.67782587504,3731.6493961993724,19729.782689158154,47438.63287584235,-32811.32438893066,14584.213977336754,-34550.68654909772,-12333.569074607936,244.75900332823127,-74042.11051818187,29624.76440261407,86538.04106893482,-53962.84436670526,44844.63642313746,103404.08712142642,36001.821206130204,-25718.128659134847,-63244.42846095305,65077.325993725026,86563.88755581973,46205.16995658986,-18342.245857988666,-131972.79220353358,-108235.90401268903,9517.757580379484,-49773.02185982353,-61321.71483787534,16356.737223682743,-28960.021774657773,7408.860718837942,45131.84817398806,-35644.8990887778,33730.01592775476,53269.8355638447,69266.07565363839,28915.053558623073,75721.28234611802,31004.151973102482,36296.67439891885,78796.96849317045,-89915.76359561857,56187.604552769044
53537.69898496998,95051.99162880395,1896.5135368711542,-199807.07760822805,-106011.88853969204,-5943.796554721567,144891.18632703167,18975.411501143535,86129.74358077452,-70791.3324810031,154037.7747028867,-38693.74708698019,-71530.03717471185,10708.239064606769,-119930.51498217245,4964.660297520917,26244.213963853683,63102.86518897319,-43645.1381527392,19401.187710416507,-45957.50107191292,-16406.006104582975,326.07416740019545,-98489.7177294655,39406.70855879809,115111.5821262923,-71779.960305777,59651.71084931358,137546.77416937574,47888.75273879138,-34210.16969977494,-84126.94815289309,86563.88755581973,115145.98737681426,61461.3620844792,-24397.60196252381,-175547.54077308465,-143973.83421967333,12660.094426728552,-66207.27514086645,-81568.84037633752,21757.716967276923,-38522.52792351675,9855.304667437364,60034.57083370172,-47414.47682606922,44868.05972941837,70859.11388225452,92136.53716114238,38462.28419371647,100722.10214740245,41241.20467520595,48281.22148053529,104814.44309837492,-119604.55944459327,74739.28661735836
28576.671909825356,50735.40899841356,1012.6420290385082,-106651.08483929912,-56585.708371283654,-3172.6113096359986,77338.00030572125,10128.423976120559,45973.273083290165,-37785.683017127616,82219.76010327134,-20653.85047577687,-38180.17342859728,5715.360995519832,-64015.42019245782,2648.93093293585,14008.48388604034,33681.959459435435,-23296.42257024306,10355.611221231455,-24531.431966412372,-8756.900571284928,174.1807035390759,-52570.97260823494,21033.921245455003,61442.85888290271,-38313.791771165335,31840.377319194915,73417.69894665928,25561.353391265402,-18260.088013891866,-44903.73050805433,46205.16995658986,61461.3620844792,32806.69469097626,-13023.234664890808,-93702.08702254848,-76848.58278218292,6757.64957507394,-35338.90062444685,-43539.25687067137,11613.442054768158,-20562.196102531903,5260.196290218527,32044.18334808616,-25308.39742566358,23948.768626861925,37822.15259361513,49179.95382488955,20530.209022409003,53763.25390144827,22013.43037359435,25771.01999615208,55946.260397822516,-63841.11212470695,39893.586190790156
-11343.6405642565,-20139.277886912372,-402.3781003086298,42335.734385900825,22462.521672987627,1259.6900208558534,-30699.17677065317,-4020.3740059002184,-18249.368762427363,14998.791585225286,-32636.75777056438,8198.974328262064,15155.105921983277,-2268.185040093651,25411.502756465645,-1050.2929774819002,-5560.922862971977,-13369.64910924772,9247.710414497215,-4109.66681352775,9739.296223867925,3475.986297768505,-68.8545732325253,20868.598597168933,-8349.287597337436,-24390.212893659136,15209.319367282173,-12639.352066485355,-29143.342794583812,-10146.912961947331,7248.141190494726,17824.43179755128,-18342.245857988666,-24397.60196252381,-13023.234664890808,5170.689751012502,37196.447327233705,30505.568064711068,-2682.731437591361,14027.811744986539,17283.756433313225,-4609.80446825719,8162.144875628019,-2087.853214653523,-12719.363428249468,10046.261112323858,-9505.827791029667,-15013.405770000967,-19522.694582612254,-8149.85383281112,-21343.163465555797,-8738.536751064545,-10230.083909402501,-22208.161510118767,25342.24965995388,-15836.549049193205
-81621.6172445698,-144912.584532851,-2891.661853373109,304618.70400861563,161622.31503517376,9061.894768685654,-220895.46115000063,-28929.14602571356,-131310.30820610985,107925.6324119406,-234839.84619352338,58991.33325335299,109051.58469190632,-16325.020798505298,182841.93500810085,-7568.07395228875,-40011.09317920834,-96203.9063896021,66539.8682149032,-29577.573822975788,70066.17771844205,25011.938525408885,-496.9232230555563,150154.0753397623,-60077.89684579106,-175495.06367816284,109433.4748116149,-90942.93976436071,-209698.69150568344,-73009.63499863773,52155.3696449237,128256.67791903723,-131972.79220353358,-175547.54077308465,-93702.08702254848,37196.447327233705,267634.1197933019,219497.39583480926,-19301.347903524515,100937.13821757947,124357.33115408364,-33170.881888683965,58729.94446414606,-15024.842087155168,-91526.01652697245,72286.39517786278,-68403.6741327401,-108029.0625408224,-140468.38503556207,-58638.38666463045,-153558.38713302126,-62874.98986713149,-73607.90534179592,-159796.32402948037,182344.90272277352,-113945.27822483538
-66941.4480406348,-118849.28502789974,-2371.1891747116356,249830.63312021666,132552.99125025122,7431.8789413160775,-181166.25329975056,-23726.150740351368,-107693.16280038697,88514.78374661742,-192602.93506787586,48380.971373155575,89438.38045340078,-13389.276469807864,149956.18706200097,-6207.982158166163,-32814.69210251703,-78901.45370357488,54572.12433434912,-24258.59162577075,57463.12151073621,20513.415838458088,-407.6414640712218,123147.45271038546,-49272.60091449109,-143930.914498031,89750.75351395033,-74586.00472023418,-171983.06901901856,-59878.2097806718,42775.07107306387,105189.12104840156,-108235.90401268903,-143973.83421967333,-76848.58278218292,30505.568064711068,219497.39583480926,180019.14413314662,-15829.628482840852,82783.0386611842,101990.25373470306,-27205.02423775801,48166.984825387735,-12322.784879069013,-75064.93454661607,59285.113739310436,-56101.41102117834,-88599.44355495246,-115203.67638302245,-48091.61392888754,-125938.49338379627,-51566.25682604373,-60368.89467270457,-131055.88391680233,149548.70207847244,-93450.91660412776
5886.316772517663,10450.708356464207,208.64433887034912,-21968.357026731224,-11655.978498164453,-653.5665563282505,15930.286471070332,2086.2864258837244,9469.771890574342,-7783.290350097042,16935.882959710812,-4254.389470394731,-7864.358941115555,1177.234459105975,-13186.180192825457,545.5481029292858,2885.5037499631226,6937.818153671877,-4798.718119004844,2132.7706666936106,-5053.320361608932,-1803.8029372367732,35.785054859979155,-10828.813776960455,4332.647043777445,12656.296017139877,-7892.203578657794,6558.604180670544,15122.909816062971,5265.359526641704,-3761.2542085275304,-9249.517934982256,9517.757580379484,12660.094426728552,6757.64957507394,-2682.731437591361,-19301.347903524515,-15829.628482840852,1392.0785477136592,-7279.352962399562,-8968.445247001806,2392.1617993599043,-4235.403702139203,1083.4497017561164,6600.485428296828,-5213.140332341319,4932.916867273547,7790.7623413666315,10130.349220674385,4228.8783178661215,11074.568900088323,4534.435224132557,5308.442437790529,11524.136464794688,-13150.285997284464,8217.6415663188891
-30783.465566410316,-54653.90649975855,-1090.1818461404473,114885.88096989434,60955.54198829831,3417.615500540337,-83310.65529245742,-10910.649484637228,-49523.44727974203,40704.516535532166,-88570.2064006477,22248.057455768754,41128.97876111281,-6157.41346065241,68958.09778887001,-2855.551860427108,-15089.892026135201,-36283.52709396585,25095.331480831457,-11155.379086529721,26424.313318452383,9433.34438623826,-187.32637984398548,56629.97382287139,-22658.436635502807,-66187.62418138765,41272.623651319314,-34298.72613318721,-79087.86498025511,-27535.562864383945,19670.560102132287,48372.38521459744,-49773.02185982353,-66207.27514086645,-35338.90062444685,14027.811744986539,100937.13821757947,82783.0386611842,-7279.352962399562,38068.73549796059,46900.59268164103,-12510.508434549738,22149.78431095174,-5666.849998808347,-34519.337727963946,27262.629261716935,-25798.791879533706,-40743.19889632142,-52976.89104781221,-22115.01888597301,-57912.96239196354,-23712.958175053027,-27761.00699431032,-60267.22867640712,68770.97132736695,-42974.03460351483
-37925.79335411514,-67333.95980264095,-1343.7603521339865,141542.34615825268,75098.35362503036,4210.680887788988,-102639.75243579251,-13441.997148461367,-61013.798893316685,50147.78247612495,-109118.88709341848,27410.68165749468,50671.067893067775,-7585.281059808028,84958.29111349858,-3516.0455915782745,-18591.4071112781,-44701.36989042518,30918.00305992948,-13743.270386622798,32556.87990508237,11621.813290428428,-230.90966156758253,69769.7457291465,-27915.324074095264,-81544.41835391834,50848.633438201665,-42257.04570406332,-97437.08951202479,-33924.12063413672,24234.074228033,59594.6652884829,-61321.71483787534,-81568.84037633752,-43539.25687067137,17283.756433313225,124357.33115408364,101990.25373470306,-8968.445247001806,46900.59268164103,57783.302243158374,-15412.901734724028,27289.126239500594,-6981.289882815085,-42527.69239998549,33588.12254101412,-31783.852472922863,-50195.972900717214,-65269.30821923347,-27246.688492442896,-71351.95136918398,-29215.16467706677,-34202.214194437365,-74249.79347934619,84727.23999564807,-52945.12039204511
10116.405467386223,17960.997249369928,358.22091704612114,-37755.127477913666,-20031.708709799404,-1123.0570788342102,27378.550704883495,3585.6123291682275,16274.914604077581,-13376.774073659866,29106.994977945265,-7311.379732174705,-13516.388589751416,2023.5898608171449,-22661.755838493773,938.5420209725935,4958.998109500186,11923.990561065597,-8247.088731019894,3666.275575032379,-8683.61684345083,-3100.089155881792,61.655497070549416,-18610.335511270598,7446.295078425856,21751.25344647613,-13563.313710623792,11271.614706306675,25990.689112224336,9048.950043656663,-6464.38746506227,-15896.63427381187,16356.737223682743,21757.716967276923,11613.442054768158,-4609.80446825719,-33170.881888683965,-27205.02423775801,2392.1617993599043,-12510.508434549738,-15412.901734724028,4111.369617480404,-7279.157950239634,1862.3220969700747,11344.243638221902,-8959.354725273075,8478.422431967572,13389.50871945885,17409.795313207902,7267.662931324931,19031.767249673587,7792.791521836698,9123.097916991203,19805.602542281067,-22600.215663384493,14122.452531479812
-17911.26473622617,-31800.042947718943,-634.4505895847344,66846.44147230024,35466.465291456574,1988.4195434736944,-48474.05843964309,-6348.335308896533,-28815.04155152497,23683.49114697036,-51534.02966414889,12945.154975341859,23930.84061863241,-3582.5469240936463,40123.27471843214,-1661.0047867358326,-8780.123534053348,-21111.43980912497,14601.644245930001,-6491.128901899683,15375.019097221097,5488.681252349823,-109.24100889766667,32950.13777139543,-13183.7055125591,-38510.99070450536,24014.07306101124,-19956.744136961155,-46016.77655941286,-16021.237584964516,11445.181957890007,28144.92324197116,-28960.021774657773,-38522.52792351675,-20562.196102531903,8162.144875628019,58729.94446414606,48166.984825387735,-4235.403702139203,22149.78431095174,27289.126239500594,-7279.157950239634,12887.97123586247,-3297.1490797930915,-20084.955908732285,15862.730086105112,-15010.958565727846,-23706.232246488937,-30824.633419071863,-12867.727335688825,-33696.793408076235,-13797.41005944449,-16152.647883892922,-35065.96900038763,40014.141633862724,-25004.138707454724
4582.364078321158,8135.6367253529315,162.10985929973447,-17101.340972050406,-9073.490684164375,-508.72448051699195,12401.493307655357,1624.1275122818824,7371.889628511105,-6059.240284195528,13184.538592583558,-3311.6010659690123,-6122.483726408182,916.6948550880106,-10264.690241156002,425.4895040696793,2246.205349740661,5401.250114261647,-3735.5632541687655,1660.7843993483525,-3933.0128748201732,-1404.2160051430906,27.86048747854876,-8429.579744492692,3372.875197940949,9852.438805034843,-6143.610431063357,5105.507068584403,11772.85042687621,4098.807703548482,-2928.173295516081,-7200.684206443354,7408.860718837942,9855.304667437364,5260.196290218527,-2087.853214653523,-15024.842087155168,-12322.784879069013,1083.4497017561164,-5666.849998808347,-6981.289882815085,1862.3220969700747,-3297.1490797930915,843.7178628404531,5138.585019897997,-4058.1544689606167,3840.538451421194,6064.917482024617,7885.74346919163,3291.8922880972063,8620.250795539949,3529.733027471057,4132.380073702736,8971.229439664889,-10236.977725230541,6396.765282684449
27913.4927044951,49558.60213848656,988.3747530848187,-104175.24573781842,-55271.97958455389,-3098.6974224559995,75543.86122411182,9893.550463105303,44906.26653506273,-36909.63875756943,80313.01700490648,-20173.77174110758,-37294.99432068194,5583.63001272956,-62529.049512059115,2589.759652221585,13683.008062510382,32901.13275549287,-22755.61634919908,10116.350302359888,-23959.883409832903,-8553.871967451763,170.24183919859948,-51350.22329408368,20546.093905645695,60016.70673747869,-37424.20983368277,31101.011879083748,71714.33558149872,24968.072898205868,-17836.785482387266,-43862.48660373186,45131.84817398806,60034.57083370172,32044.18334808616,-12719.363428249468,-91526.01652697245,-75064.93454661607,6600.485428296828,-34519.337727963946,-42527.69239998549,11344.243638221902,-20084.955908732285,5138.585019897997,31301.540933474902,-24720.968672698695,23394.051968677293,36944.80066728156,48037.633906761446,20053.145304753743,52512.86061010471,21502.115010038295,25172.708006852234,54648.18373572713,-62359.205857266286,38966.99843639964
-22045.587259005166,-39140.30899741691,-780.9296386912669,82276.08856753261,43653.20230192138,2447.4467354178855,-59662.938503656,-7813.679609566732,-35466.25008820407,29150.29437828128,-63429.287240166435,15933.20986003631,29454.528049809676,-4409.479071372897,49384.680567021336,-2044.4044002357484,-10806.742467369413,-25984.358042616703,17972.07447164379,-7989.123776082235,18924.113221332696,6755.638848274478,-134.3584474811154,40555.83066907291,-16226.829124499642,-47400.2924046744,29557.26952536518,-24563.218295872077,-56638.606850694305,-19719.45871869417,14086.992814711748,34641.555014131714,-35644.8990887778,-47414.47682606922,-25308.39742566358,10046.261112323858,72286.39517786278,59285.113739310436,-5213.140332341319,27262.629261716935,33588.12254101412,-8959.354725273075,15862.730086105112,-4058.1544689606167,-24720.968672698695,19524.24119768517,-18475.72381545365,-29178.220060613075,-37939.722874507184,-15837.863573117995,-41474.92401431053,-16982.1884266985,-19881.08278433543,-43160.15397903188,49250.391933112034,-30775.881338161093
20861.814801096487,37038.764100522414,738.5566251950188,-77857.63471546696,-41308.54753564055,-2315.8191997854,56459.52297820797,7394.22259646795,33561.65410795039,-27585.30118327798,60023.940286106066,-15077.20818589508,-27873.401220058928,4173.170396418613,-46732.36756629465,1935.8307747996193,10226.292586321999,24589.58441258699,-17006.890197489993,7561.005411835198,-17906.57252489435,-6392.915806542538,127.26170886734783,-38377.60220791935,15355.608460373245,44854.76984003905,-27969.645771629937,23243.954020345103,53597.30900117969,18660.367564784192,-13330.765992867127,-32781.64740498148,33730.01592775476,44868.05972941837,23948.768626861925,-9505.827791029667,-68403.6741327401,-56101.41102117834,4932.916867273547,-25798.791879533706,-31783.852472922863,8478.422431967572,-15010.958565727846,3840.538451421194,23394.051968677293,-18475.72381545365,17484.3004788709,27611.54955983512,35901.83390292441,14987.108815067733,39246.22391225576,16070.00046602205,18813.352123938646,40842.513656528325,-46605.452175074635,29122.639921285296
32946.360663002866,58493.91737455702,1166.866951971676,-122958.38203103267,-65238.064532149096,-3657.595428218124,89164.2652883179,11677.299043010627,53003.01410142313,-43564.28708839739,94793.146769512,-23811.395734926045,-44018.90333324768,6590.011330252573,-73803.40332328173,3055.883676934949,16150.204536564965,38832.89910192153,-26858.57910014822,11939.633126370214,-28280.89618780386,-10096.099804452711,200.7442924361396,-60609.02170750578,24250.469078456896,70837.99912399112,-44172.22098080208,36708.71415982114,84644.50166601955,29470.039898001305,-21052.61113031864,-51770.803396595205,53269.8355638447,70859.11388225452,37822.15259361513,-15013.405770000967,-108029.0625408224,-88599.44355495246,7790.7623413666315,-40743.19889632142,-50195.972900717214,13389.50871945885,-23706.232246488937,6064.917482024617,36944.80066728156,-29178.220060613075,27611.54955983512,43605.877588598065,56699.28011522043,23668.966345748388,61982.13595144426,25379.14210474647,29711.519992912115,64501.419441701226,-73602.87235656223,45993.283873711145
42839.29265134163,76057.639956932,1517.7782081724176,-159880.0928596426,-84827.68777878096,-4756.082495686276,115937.48861896999,15183.558450557308,68918.49040450204,-56644.86902319516,123256.08652428298,-30961.85448153581,-57236.00251507377,8568.17068115751,-95965.14704004483,3971.8531340531517,20999.97002845365,50492.819877698916,-34923.61500412219,15524.069478762372,-36774.47290207343,-13127.536858430276,260.94562754856094,-78808.80805344075,31532.016001014348,92108.9473144861,-57436.261304796666,47731.67700522774,110060.68919071298,38319.15769215513,-27373.81942198033,-67315.59866656616,69266.07565363839,92136.53716114238,49179.95382488955,-19522.694582612254,-140468.38503556207,-115203.67638302245,10130.349220674385,-52976.89104781221,-65269.30821923347,17409.795313207902,-30824.633419071863,7885.74346919163,48037.633906761446,-37939.722874507184,35901.83390292441,56699.28011522043,73725.27424986186,30776.574848777327,80595.64082134355,33000.13673127128,38633.27483979258,83869.29157689969,-95704.10512844526,59804.374386841904
17883.22163106111,31750.045165096133,633.6474748011681,-66741.78583819195,-35411.15920356617,-1985.446407721916,48397.899032798836,6338.332925513004,28769.924818717853,-23646.190158567297,51452.95743377825,-12925.040836766566,-23893.029443070427,3576.6699944155093,-40060.56055311074,1657.8265040619317,8766.470077148122,21078.121322571616,-14578.81537996344,6480.499256060081,-15351.612607089173,-5480.028030191306,108.92830578815055,-32898.66736380172,13162.945261497192,38450.7548668134,-23976.662664962252,19925.55673187611,45944.606341930514,15996.233002050098,-11427.114086656487,-28100.673486526775,28915.053558623073,38462.28419371647,20530.209022409003,-8149.85383281112,-58638.38666463045,-48091.61392888754,4228.8783178661215,-22115.01888597301,-27246.688492442896,7267.662931324931,-12867.727335688825,3291.8922880972063,20053.145304753743,-15837.863573117995,14987.108815067733,23668.966345748388,30776.574848777327,12847.717971335864,33644.75769739264,13775.888854647266,16127.42579651999,35011.04794269042,-39951.55928318594,24965.242577598103
46831.03888951301,83144.13624926946,1659.7572371387298,-174777.93743187032,-92732.4804263082,-5199.596278297059,126739.89124949349,16598.161766941575,75340.37074532763,-61922.39822685874,134740.00639375756,-33847.35969758433,-62568.41180250482,9365.811715691332,-104907.57915858214,4340.264477884892,22957.014972054218,55197.02269297924,-38177.89213646744,16969.450224670938,-40202.92731126101,-14350.602582338397,284.9971602736802,-86152.6392304605,34469.86610289867,100691.83536526831,-62788.653189511606,52179.567061954665,120315.83136229757,41889.89504102965,-29924.1316316907,-73587.51244769525,75721.28234611802,100722.10214740245,53763.25390144827,-21343.163465555797,-153558.38713302126,-125938.49338379627,11074.568900088323,-57912.96239196354,-71351.95136918398,19031.767249673587,-33696.793408076235,8620.250795539949,52512.86061010471,-41474.92401431053,39246.22391225576,61982.13595144426,80595.64082134355,33644.75769739264,88107.6136544741,36075.373271005905,42233.305892406934,91684.12428204213,-104622.06051718614,65377.612719328026
19175.267130260687,34044.128309822285,679.3727587592736,-71563.85862855028,-37969.672108184146,-2128.8629275273897,51894.72972527444,6796.295866311925,30848.580255368255,-25354.784038858186,55170.59440240737,-13858.824324020121,-25619.395710011133,3835.1973866379094,-42954.91697844642,1777.8405065642555,9399.780599209445,22601.066641594647,-15632.13938978702,6948.731013572996,-16460.591870206754,-5876.016537495394,116.81827629262315,-35275.58279389923,14114.034330584818,41228.83988343643,-25709.015311207248,21365.164730502325,49264.218652911484,17152.011506221625,-12252.791480711858,-30131.103903092662,31004.151973102482,41241.20467520595,22013.43037359435,-8738.536751064545,-62874.98986713149,-51566.25682604373,4534.435224132557,-23712.958175053027,-29215.16467706677,7792.791521836698,-13797.41005944449,3529.733027471057,21502.115010038295,-16982.1884266985,16070.00046602205,25379.14210474647,33000.13673127128,13775.888854647266,36075.373271005905,14771.182223980588,17292.618517770148,37540.68735889628,-42838.0774208539,26769.001854437764
22448.617019032496,39855.69485252255,795.2281118205113,-83779.98772068786,-44451.29567088633,-2492.2890879784695,60753.49975671622,7956.478673306429,36114.5819305115,-29683.09938944177,64588.71118425134,-16224.467514597201,-29992.811815289053,4489.978175805386,-50287.402917091,2081.653835214699,11004.339378952622,26459.29997969619,-18300.60928116443,8134.94616718012,-19270.268419453365,-6879.095313376526,136.67692109251232,-41297.17560688214,16523.38889597515,48266.81943131397,-30097.684388321628,25012.21937450606,57673.96880447621,20079.988361372983,-14344.452580665009,-35274.79305127704,36296.67439891885,48281.22148053529,25771.01999615208,-10230.083909402501,-73607.90534179592,-60368.89467270457,5308.442437790529,-27761.00699431032,-34202.214194437365,9123.097916991203,-16152.647883892922,4132.380073702736,25172.708006852234,-19881.08278433543,18813.352123938646,29711.519992912115,38633.27483979258,16127.42579651999,42233.305892406934,17292.618517770148,20244.54834162323,43949.18145229609,-50150.73178329016,31338.545967082904
48734.08458176345,86523.70315080945,1726.093781046355,-181879.01378286962,-96500.14203298291,-5410.53396435213,131891.02829502788,17272.886136182507,78401.79114409139,-64439.97440373972,140217.28728338872,-35221.66934580039,-65112.14503019224,9747.694518771346,-109169.49532582384,4519.9984741574535,23889.337513199698,57441.19262824682,-39729.0671437965,17660.360038337716,-41833.476406190806,-14934.055544343204,296.6307830943814,-89652.49546022256,35871.028301318,104783.26874311044,-65339.6448804659,54299.29269799085,125205.72571279055,43592.11537228974,-31140.805333797565,-76579.13547155168,78796.96849317045,104814.44309837492,55946.260397822516,-22208.161510118767,-159796.32402948037,-131055.88391680233,11524.136464794688,-60267.22867640712,-74249.79347934619,19805.602542281067,-35065.96900038763,8971.229439664889,54648.18373572713,-43160.15397903188,40842.513656528325,64501.419441701226,83869.29157689969,35011.04794269042,91684.12428204213,37540.68735889628,43949.18145229609,95410.31630841437,-108873.05854741944,68033.29251334272
-55610.76622652374,-98732.54240230114,-1969.8898202577548,207543.7512171379,110116.82426594125,6173.974553123527,-150501.58841160726,-19710.16158621644,-89464.80208098218,73532.51826747098,-160002.41574181203,40191.94772843511,74299.78361628922,-11122.9081677651,124574.30262758737,-5157.050450308296,-27260.41338796589,-65546.33984855835,45335.12459403692,-20152.408267418166,47736.94175510421,17041.268870984517,-338.6420802051978,102303.2973471707,-40932.585546387105,-119568.86089288798,74559.39835818486,-61961.45820169427,-142872.82137648077,-49743.09604016959,35534.85128088711,87384.5344782041,-89915.76359561857,-119604.55944459327,-63841.11212470695,25342.24965995388,182344.90272277352,149548.70207847244,-13150.285997284464,68770.97132736695,84727.23999564807,-22600.215663384493,40014.141633862724,-10236.977725230541,-62359.205857266286,49250.391933112034,-46605.452175074635,-73602.87235656223,-95704.10512844526,-39951.55928318594,-104622.06051718614,-42838.0774208539,-50150.73178329016,-108873.05854741944,124235.802012776,-77633.26706530263
34750.32912559397,61696.435402585645,1231.1804686355233,-129691.09085295873,-68810.84270610267,-3858.1818860696067,94045.9636230675,12316.539436226582,55905.289269713925,-45949.29852782023,99982.81411512166,-25115.540257556117,-46428.46028395731,6950.305061603563,-77844.83390240087,3222.0006823583744,17034.67909939068,40958.60694552358,-28329.32648207689,12592.25080977874,-29830.905900195477,-10648.834299854572,211.43769195624873,-63928.02065821307,25578.102597330126,74716.960501,-46591.4311253181,38718.88667861013,89279.11875920562,31083.94359057048,-22205.076329627194,-54605.26659438668,56187.604552769044,74739.28661735836,39893.586190790156,-15836.549049193205,-113945.27822483538,-93450.91660412776,8217.6415663188891,-42974.03460351483,-52945.12039204511,14122.452531479812,-25004.138707454724,6396.765282684449,38966.99843639964,-30775.881338161093,29122.639921285296,45993.283873711145,59804.374386841904,24965.242577598103,65377.612719328026,26769.001854437764,31338.545967082904,68033.29251334272,-77633.26706530263,48512.34027629594
